00000000000000000000000000000000000000000000000000000001111110000000000000000000000000000000000
00000000000000000000000000000000000000000000000000000000011111000000000000000000000000000000000
00000000000000000000000000000000000000000000000000000000111111000000000000000000000000000000000
00000000000000000000111000000000000000000000000000000000011110000000000000000000000000000000000
00000000000000000001111100000000000000000000000000000000111111000000000000000000000000000000000
00000000000000000001111111000000000000000000000000000000111111100000000000000000000000000000000
00000000000000000011111111110000000000000000000000000000011111100000000000000000000000000000000
00000000000000000111111111111110000111100000000000000000010111110000000000000000000000000000000
00000000000000001111111111111111111111111000000000000000000111100000000000000000000000000000000
00000000000000111111111111111111111110111100000000000000000000000000000000000000000000000011000
00000000000000111111111111111111110010100000000000000000111000000000000000000000000000000011100
00000000000000111111111111111111111000110000000000000000111000010000000000000000000000000111100
00000000000000111111111111111111111111111111110011111101100000000000000000000000000000000111111
00000000000000011111111111111111111111111111111111111110100000000000000000000000000000001111111
00000000000000000011111111111111111111111111111111111111100000000000000000000000000000001111111
00000000000000000011111111111111111111111111111111111111100000000000000000000000000000001111111
00000000000000000011111111111111111110111111111111111111111000000000000000000000000000001111110
00000000000000000000000111111111111110011111111111111111110000000000000000000000000000001111100
00000000000000000000000011111111110000011111111111111110000000000000000000000000000000001111100
00000000000000000000000011111111000000011111111111111000000000000000000000000000000000011111100
00000000000000000000000001111111000000011111111111111000000000000000000000000000000000011111110
00000000000000000000000000000111000000011111111111111000000000000000000000000000000000111111110
00000000000000000000000000000000000000011111111111000000000000000000000000000000000000111111110
00000000000000000000000000000000000000011111111000000000000000000000000000000000000000111111111
00000000000000000000000000000000000000001111100000000000000000000000000000000000000000111111111
00000000000000000000000000000000000000000000000000000000000000000000000000000000000000111111111
00000000000000000000000000000000000000000000000000000000000000000000000000000000000011111111111
00000000000000000000000000000000000000000000000000000000000000000000000000000000000011111111111
00000000000000000000000000000000000000000000000000000000000000000000000000000000000111111111111
00000000000000000000000000000000000000000000000000000000000000000000000000000000000111111111111
00000000000000000000000000000000000000000000000000000000000000000000000000000000001111111111000
00000000000000000000000000000000000000000000000000000000000000000000000000000000001111111100000
00000000000000000000000000000000000000000000000000000000000000000000000000000000011111111000000
00000000000000000000000000000000000000000000000000000000000000000000000000000000011111111000000
00000000000000000000000000000000000000000000000000000000000000000000000000000000111111111000000
00000000000000000000000000000000000000000000000000000000000000000000000000000011111111111100000
00011100000000000000000000000000000000000000000000000000000000000000000000000011111111111000000
00011100000000000000000000000000000000000000000000000000000000000000000000000001111111000000000
00011110000000000000000000000000000000000000000000000000000000000000000000000000111110000000000
00011110000000000000000000000000000000000000000000000000000000000000000000000000111000000000000
00011111000000000000000000000000000000000000000000000000000000000000000000000000110000000000000
00011101000000000000000000000000000000000000000000000000000000000000000000000000110000000000000
00111111000000000000000000000000000000000000000000000000000000000000000000000000000000000000000
00011111000000000000000000000000000000000000000000000000000000000000000000000000010000000000000
00011100000000000000000000000000000000000000000000000000000000000000000000000000110000000000000
00000000000000000000000000000000000000000000000000000000000000000000000000000111111000000000000
00000000000000000000000000000000000000000000000000000000000000000000000000000111110000000000000
00000000000000000000000000000000000000000000000000000000000000000000000000000111110000000000000
00000000000000000000000000000000000000000000000000000000000000000000000000000111101111000000000
00000000000000000000000000000000000000000000000000000000000000000000000000000111111111100000000
00000000000000000000000000000000000000000000000000000000000000000000000011111111011111100000000
00000000000000000000000000000000000000000000000000000000000000000000000111111111011111110000000
00000000010000001000000000000000000000000000000000000000000000000000000011111111011111110000000
00000000000000111110000000000000000000000000000000000000000000000000000011110111111111100000000
00000000000000111110000000000000000000000000000000000000000000000000000001110000011111000000000
00000010011100000111000000000000000000000000000000000000000000000000000001110000001000000000000
00000000011100000111100000000000000000000000000000000000000000000000000000000000000000000000000
00000000000000000111100000000000000000000000000000000000000000000000000000000000000000000000000
00000000000000000000000000000000000000000000000000000000000000000000000000000000000000000000000
00000000000000000000000000000000000000000000000000000000000000000000000000000000000000000000000
00000000000000000000000000000000000000000000000000000000000000000000000000000000000000000000000
00000000000000000000000000000000000000000000000000000000000000000000000000000000000000000000000
00000000000000000000000000000000000000000000000000000000000000000000000000000000000000001110000
00000000000000000000000000000000000000000000000000000000000000000000000000000000000000000110000
00000000000000000000000000000000000000000000000000000000000000000000000000000000000000000110100
00000000000000000000000000000000000000000000000000000000000000000000000000000000000000000111100
00000000000000000000000000000000000000000000000000000000000000000000000000000000000000000111000
00000000000000000000000000000000000000000000000000000000000000000000000000000000000000000010000
00000000000000000000000000000000000000000000000000000000000000000000000000000000000000000000000
00000000000000000000000000000000000000000000000000000000000000000000000000000000000000000000000
00000000000000000000000000000000000000000000000000000000000000000000000000000000000000000000000
00000000000000000000000000000000000000000000000000000000000000000000000000000000000000000000000
00000000000000000000000000000000000000000000000000000000000000000000000000000000000000000000000
00000000000000000000000000000000000000000000000000000000000000000000000000000000000000000000000
00000000000000000000000000000000000000000000000000000000000000000000000000000000000000000000000
00000000000000000000000000000000000000000000000000000000000000000000000000000000000000000000000
00000000000000000000000000000000000000000000000000000000000000000000000000000000000000000000000
00000000000000000000000000000000000000000000000000000000000000000000000000000000000000000000000
00000000000000000000000000000000000000000000000000000000000000000000000000000000000000000000000
00000000000000000000000000000000000000000000000000000000000000000000000000000000000000000000000
00000000000000000000000000000000000000000000000000000000000000000000000000000000000000000000000
00000000000000000000000000000000000000000000000000000000000000000000000000000000000000000000000
00000000000000000000000000000000000000000000000000000000000000000000000000000000000000000000000
00000000000000000000000000000000000000000000000000000000000000000000000000000000000000000000000
00000000000000000000000000000000000000000000000000000000000000000000000000000000000000000000000
00000000000000000000000000000000000000000000000000000000000000000000000000000000000000000000000
00000000000000000000000000000000000000000000000000000000000000000000000000000000000000000000000
00000000000000000000000000000000000000000000000000000000000000000000000000000000000000000000000
00000000000000000000000000000000000000000000000000000000000000000000000000000000000000000000000
00000000000000000000000000000000000000000000000000000000000000000000000000000000000000000000000
00000000000000000000000000000000000000000000000000000000000000000000000000000000000000000000000
00000000000000000000000000000000000000000000000000000000000000000000000000000000000000000000000
00000000000000000000000000000000000000000000000000000000000000000000000000000000000000000000000
00000000000000000000000000000000000000000000000000000000000000000000000000000000001000000000000
00000000000000000000000000000000000000000000000000000000000000000000000000000000011100000000000

UnityEngine.MonoBehaviour:print (object)
WaterGenerator:GetWaterRegion (int[,]) (at Assets/Scripts/Map/WaterGenerator.cs:114)
MapGenerator:GenerateMapData (UnityEngine.Vector2) (at Assets/Scripts/Map/MapGenerator.cs:182)
MapGenerator:DrawMapInEditor () (at Assets/Scripts/Map/MapGenerator.cs:78)
MapEditorGenerator:OnInspectorGUI () (at Assets/Scripts/Editor/MapEditorGenerator.cs:20)
UnityEngine.GUIUtility:ProcessEvent (int,intptr,bool&) (at /Users/bokken/build/output/unity/unity/Modules/IMGUI/GUIUtility.cs:189)
